Generation de la population intiale:
 6 8 1 0 6 5 8 0 1 3 4 9 4 0 1 5 6 0 0 5 0 9 9 3 9 4 2 6 8 9 7 6 1 7 8 7 5 2 6 6 2 6 4 1 9 2 6 8 5 4 4 6 1 1 4 7 8 6 6 3 2 5 0 3 4 6 8 5 7 2 7 9 2 2 9 1 9 4 0 5 7 7 9 2 4 1 1 6 5 1 5 0 5 9 8 4 8 2 4 6

Codage binaire de la pop:
 00000110 00001000 00000001 00000000 00000110 00000101 00001000 00000000 00000001 00000011 00000100 00001001 00000100 00000000 00000001 00000101 00000110 00000000 00000000 00000101 00000000 00001001 00001001 00000011 00001001 00000100 00000010 00000110 00001000 00001001 00000111 00000110 00000001 00000111 00001000 00000111 00000101 00000010 00000110 00000110 00000010 00000110 00000100 00000001 00001001 00000010 00000110 00001000 00000101 00000100 00000100 00000110 00000001 00000001 00000100 00000111 00001000 00000110 00000110 00000011 00000010 00000101 00000000 00000011 00000100 00000110 00001000 00000101 00000111 00000010 00000111 00001001 00000010 00000010 00001001 00000001 00001001 00000100 00000000 00000101 00000111 00000111 00001001 00000010 00000100 00000001 00000001 00000110 00000101 00000001 00000101 00000000 00000101 00001001 00001000 00000100 00001000 00000010 00000100 00000110

Selection des parents : father+ mother:
Father: 
 0 9 3 6 8 7 2 6 6 6 5 4 6 1 4 3 5 3 6 5 7 7 9 2 2 9 1 9 4 0 5 7 7 2 4 1 6 5 1 5 0 9 8 4 8 2 4 6
Father: 
 4 8 1 7 8 2 6 2 1 2 6 8 4 1 7 6 3 4 8 2 9 2 1 9 0 5 7 7 9 2 4 1 1 6 5 1 5 0 5 9 8 4 8 2 4 6

Results:-> croisement(pb):
 4 0 1 3 7 6 2 7 6 2 6 2 2 6 4 6 7 4 3 6 4 3 2 7 1 9 2 9 0 2 0 2 4 5 1 7 6 2 5 4 1 1 5 0 5 1 1 13 8 0 4 9 4 8 6 2 104 12 7 80

Results:->Mutation(pm):
 4 0 1 3 7 6 2 7 6 2 6 2 2 6 4 6 7 4 3 6 4 3 2 7 1 9 2 9 0 2 0 2 4 5 1 7 6 2 5 4 1 1 5 0 5 1 1 13 8 0 4 9 4 8 6 2 104 12 7 80

Results:->Elites(solution sorted):
 0 0 0 0 0 1 1 1 1 1 1 1 2 2 2 2 2 2 2 2 2 2 3 3 3 4 4 4 4 4 4 4 4 5 5 5 5 6 6 6 6 6 6 6 6 7 7 7 7 7 7 8 8 9 9 9 12 13 104 80

Solution optimale:0
