
0
18.78
14.2218
24.7427
6.26339
0
2.66814
30.3743
7.94496
53.445
12.4595
28.5846
3.88694
22.4791
51.437
0
32.6374
12.6699
53.1006
45.7556
48.6937
0
38.2256
0
24.1384
69.0253
11.9066
0
6.52987
0
4.74769
0
58.4919
5.19442
13.8182
26.9823
0
3.20175
3.86914
58.7907
14.725
38.754
6.12211
18.8659
43.6523
51.3751
60.466
18.298
0
21.7086
33.373
4.512
0
35.369
2.90086
25.1572
0
10.8201
51.0034
12.3672
42.5847
34.8823
0
9.17069
13.0204
9.43425
21.0896
86.4813
82.9523
3.09955
0
21.5183
0
0
0
26.0271
0
0
16.6961
7.06851
22.6887
65.6549
0
54.7716
11.2934
47.8314
26.3158
0
48.9807
16.1355
50.7553
22.6505
1.14431
19.9832
36.2428
77.9871
0
0
39.2313

--- Base de donnees---

Option: id SSJ, maturity, strike,idPrice,opType,subType

(opType: Eur/AM.., subType: Call,put,..)

Price:idOption,priceValue,pircingModel

PricingModel: idModel, ModelValue
 
SSJ: vol, freeRate, S0,ulType

UnderlyingType: id,ultype
 
 