                     131.08                122.504                114.49      120.054      107      112.2      100      104.86      109.956      98      102.763                96.04      100.708                94.1192                          92.2368                     131.08                122.504                114.49      120.054      107      112.2      100      104.86      109.956      98      102.763                96.04      100.708                94.1192                          92.2368                     131.08                122.504                114.49      120.054      107      112.2      100      104.86      109.956      98      102.763                96.04      100.708                94.1192                          92.2368                     131.08                122.504                114.49      120.054      107      112.2      100      104.86      109.956      98      102.763                96.04      100.708                94.1192                          92.2368
                     131.08
                122.504     
           114.49      120.054
      107      112.2     
 100      104.86      109.956
      98      102.763     
           96.04      100.708
                94.1192     
                     92.2368
                     131.08
                122.504     
           114.49      120.054
      107      112.2     
 100      104.86      109.956
      98      102.763     
           96.04      100.708
                94.1192     
                     92.2368
                     131.08
                122.504     
           114.49      120.054
      107      112.2     
 100      104.86      109.956
      98      102.763     
           96.04      100.708
                94.1192     
                     92.2368
                     131.08
                122.504     
           114.49      120.054
      107      112.2     
 100      104.86      109.956
      98      102.763     
           96.04      100.708
                94.1192     
                     92.2368