                                     33.0796                            23.3374                            14.9569          22.0542          7.77454          13.524          3.38052          6.22222          11.9562          2.3424          4.536                            1.38446          2.70754                            0.573025                                              0                                     33.0796                            23.3374                            15.7048          22.0542          8.57143          13.524          3.59794          6.53333          11.9562          2.40824          4.536                            1.38446          2.70754                            0.573025                                              0                                     0                            0                            0          0          0          0          1.73511          0          0          2.3424          0                            3.16224          0                            4.26903                                              5.76318                                     0                            0                            0          0          0          0          1.73511          0          0          2.3424          0                            3.16224          0                            4.26903                                              5.76318
                                     33.0796
                            23.3374         
                   14.9569          22.0542
          7.77454          13.524         
 3.38052          6.22222          11.9562
          2.3424          4.536         
                   1.38446          2.70754
                            0.573025         
                                     0
                                     33.0796
                            23.3374         
                   15.7048          22.0542
          8.57143          13.524         
 3.59794          6.53333          11.9562
          2.40824          4.536         
                   1.38446          2.70754
                            0.573025         
                                     0
                                     0
                            0         
                   0          0
          0          0         
 1.73511          0          0
          2.3424          0         
                   3.16224          0
                            4.26903         
                                     5.76318
                                     0
                            0         
                   0          0
          0          0         
 1.73511          0          0
          2.3424          0         
                   3.16224          0
                            4.26903         
                                     5.76318